22996
22517
22434
22887
22900
22912
22646
23161
22954
22710
22853
22737
22297
22980
22734
22568
22698
22402
23320
22855
22552
23672
22609
22541
22846
22463
22312
22768
22820
22389
22735
22636
22386
22463
22954
22291
23048
22997
22736
22412
23220
22699
22878
22535
22439
23008
22938
22535
22883
22498
22498
23168
23315
22541
22723
22526
22810
22294
22598
22611
22546
22650
23148
23862
22949
22434
22855
22976
22738
22352
22900
22924
23685
22558
23126
22249
22861
23584
22725
22434
22648
22846
22367
22591
22941
23108
22658
22827
22800
22228
22473
22239
22536
22701
22708
22541
22650
