udm-func,udm-func-sgx,udm-tot,udm-tot-sgx
53,62,107,162
50,60,69,132
50,59,71,128
50,63,71,144
49,60,70,134
50,61,70,131
50,59,70,133
50,75,70,150
50,59,70,133
50,60,71,130
55,70,112,196
52,70,72,153
51,60,72,134
51,58,71,129
52,59,73,129
50,61,72,130
53,59,75,128
49,59,69,127
50,59,72,129
51,59,71,129
54,62,113,165
49,59,72,131
49,60,70,131
49,60,70,132
49,60,71,132
49,60,69,131
51,59,72,131
50,59,71,131
49,59,70,142
50,61,71,131
54,62,111,161
49,62,69,135
49,60,70,131
49,59,70,131
48,60,69,134
48,60,69,130
49,58,71,127
49,60,70,130
50,60,72,131
49,60,71,132
53,61,105,158
49,60,72,128
49,60,70,128
50,60,74,127
48,59,69,129
50,63,71,141
48,59,70,127
73,61,116,130
52,59,76,128
52,59,75,127
53,62,110,159
50,61,70,147
50,60,69,129
50,60,69,130
50,59,69,130
49,59,69,132
50,59,69,128
49,61,69,133
48,60,68,132
50,60,70,130
53,61,110,157
50,58,71,126
48,59,70,128
49,58,70,127
48,58,70,126
48,60,69,127
49,58,70,125
48,58,71,128
49,58,73,127
49,58,69,127
53,62,108,158
49,58,68,125
49,61,69,132
49,59,69,128
49,60,69,130
48,63,70,139
48,58,68,126
48,61,69,139
48,59,69,128
48,58,69,126
53,76,110,200
50,73,72,144
48,58,69,126
49,59,70,128
48,59,70,128
48,60,70,132
68,63,99,139
48,58,68,128
49,58,70,127
48,59,68,128
55,74,111,194
51,60,74,129
50,58,71,127
50,58,71,127
51,59,73,127
51,60,73,133
51,58,73,126
50,58,72,129
50,59,72,129
50,58,72,128
