1201
1269
1251
1277
1314
1264
1269
1178
1197
1439
1281
1178
1394
1166
1160
1175
1196
1364
1297
1279
1082
1052
1097
1834
1052
1074
1076
1057
1071
1157
1056
1090
1109
1142
1066
1112
1204
1153
1063
1026
1096
1048
1079
1051
1060
1071
1301
1328
1236
1356
1291
1257
1309
1248
1255
1275
1255
1054
1174
1089
1082
1116
1148
1080
1081
1353
1275
1209
1221
1254
1263
1267
1278
1330
1251
1261
1337
1358
1325
1257
1411
1378
1259
1351
1257
1241
1217
1229
1247
1248
1225
1259
1229
1268
1234
1067
1051
1056
1096
1079
1109
1063
1161
1091
1050
1049
1062
1116
1090
1078
1122
1027
1064
1114
