"ausf-func","ausf-func-sgx","ausf-tot","ausf-tot-sgx"
45,46,93,146
31,40,53,109
30,41,51,110
30,41,52,109
30,40,51,108
30,41,52,110
31,44,52,116
29,42,51,110
30,41,51,111
30,41,51,109
47,48,100,145
31,43,53,111
30,42,52,111
30,40,53,109
30,42,51,110
30,42,54,112
29,41,50,110
30,42,52,112
31,43,53,118
30,44,62,118
48,48,105,151
31,42,54,111
30,44,52,112
31,45,52,114
31,43,53,116
30,58,51,146
30,50,51,125
31,43,52,113
31,43,53,113
29,43,51,112
49,49,110,153
33,44,52,120
34,44,54,119
35,43,55,114
34,46,55,121
33,49,54,120
32,42,52,112
33,43,53,114
32,42,52,111
33,44,53,118
56,48,113,148
34,42,54,113
44,41,65,112
34,43,55,111
34,42,63,110
33,40,54,110
33,43,54,111
35,42,58,109
33,42,55,111
35,42,55,111
55,63,112,191
34,52,54,137
34,52,53,137
34,50,54,133
35,52,55,134
43,52,67,134
34,51,54,134
35,53,57,137
34,52,54,133
34,51,56,134
49,48,105,148
30,41,52,110
30,41,52,111
29,42,50,114
29,41,50,115
31,55,53,150
30,41,52,109
30,42,51,111
31,42,52,111
31,41,53,114
56,48,115,147
33,44,53,117
33,44,53,114
33,44,52,115
34,48,54,123
34,43,53,115
34,42,54,112
45,43,65,114
34,43,54,114
34,43,55,114
55,53,110,161
34,46,53,120
34,47,54,122
33,45,52,121
35,46,54,119
35,62,55,137
34,46,55,120
33,46,53,121
35,46,54,120
35,47,55,124
45,48,105,152
31,44,53,116
37,43,59,115
31,43,53,112
30,43,51,114
31,62,52,135
32,43,54,115
31,43,53,114
30,43,53,114
30,44,51,117
