44,99
23,42
22,42
23,43
23,44
23,44
24,44
23,43
24,43
22,43
42,94
23,42
23,45
23,44
23,43
23,43
23,43
23,44
23,43
22,42
45,100
22,43
24,45
24,44
23,44
23,42
23,44
23,44
23,43
23,43
47,100
26,47
25,46
27,48
26,46
26,48
26,46
25,46
26,47
26,47
43,100
23,44
23,44
23,44
23,44
24,45
24,45
22,43
24,45
23,44
46,100
23,44
23,44
22,43
23,44
28,51
24,45
23,44
23,44
22,44
48,104
27,47
26,47
26,46
26,47
26,46
26,47
27,49
25,47
25,45
45,98
24,45
23,44
24,43
23,43
24,43
24,45
23,43
23,42
23,44
45,99
23,43
23,42
22,42
23,65
24,43
23,44
23,45
23,45
23,44
43,95
26,49
27,51
27,51
28,54
27,51
27,53
27,51
26,51
26,52
