22996,1201
22517,1269
22434,1251
22887,1277
22900,1314
22912,1264
22646,1269
23161,1178
22954,1197
22710,1439
22853,1281
22737,1178
22297,1394
22980,1166
22734,1160
22568,1175
22698,1196
22402,1364
23320,1297
22855,1279
22552,1082
23672,1052
22609,1097
22541,1834
22846,1052
22463,1074
22312,1076
22768,1057
22820,1071
22389,1157
22735,1056
22636,1090
22386,1109
22463,1142
22954,1066
22291,1112
23048,1204
22997,1153
22736,1063
22412,1026
23220,1096
22699,1048
22878,1079
22535,1051
22439,1060
23008,1071
22938,1301
22535,1328
22883,1236
22498,1356
22498,1291
23168,1257
23315,1309
22541,1248
22723,1255
22526,1275
22810,1255
22294,1054
22598,1174
22611,1089
22546,1082
22650,1116
23148,1148
23862,1080
22949,1081
22434,1353
22855,1275
22976,1209
22738,1221
22352,1254
22900,1263
22924,1267
23685,1278
22558,1330
23126,1251
22249,1261
22861,1337
23584,1358
22725,1325
22434,1257
22648,1411
22846,1378
22367,1259
22591,1351
22941,1257
23108,1241
22658,1217
22827,1229
22800,1247
22228,1248
22473,1225
22239,1259
22536,1229
22701,1268
22708,1234
22541,1067
22650,1051
