"EENTER","EEXIT","AEX"
82,82,-89
82,82,-588
77,77,-382
74,74,62
78,78,389
84,84,-73
68,68,706
89,89,-143
74,74,829
74,74,-86
78,78,57
84,84,-74
78,78,-625
85,85,311
70,70,-296
74,74,-148
85,85,133
90,90,0
83,83,100
85,85,130
92,92,-1065
78,78,-525
78,78,-129
74,74,66
78,78,46
77,77,-297
77,77,-166
78,78,-6
77,77,201
85,85,-75
91,91,-199
97,97,-24
85,85,506
82,82,296
80,80,-566
85,85,215
91,91,-54
90,90,219
65,65,715
78,78,-38
94,94,110
74,74,155
70,70,-134
87,87,-91
80,80,-172
91,91,620
71,71,594
82,82,-34
94,94,-673
86,86,267
81,81,401
93,93,-787
66,66,-520
77,77,-797
75,75,265
78,78,71
86,86,143
83,83,-31
100,100,-57
86,86,214
76,76,334
92,92,181
85,85,-143
72,72,-622
72,72,-114
84,84,-405
74,74,58
82,82,28
73,73,-448
68,68,-284
82,82,134
88,88,73
74,74,825
103,103,-29
77,77,168
80,80,-627
84,84,188
92,92,52
99,99,1024
81,81,-156
84,84,312
70,70,-525
79,79,-122
89,89,237
82,82,-436
90,90,399
75,75,-154
71,71,-333
77,77,731
71,71,179
79,79,140
81,81,-13
81,81,-210
