0.972716
0.957275
0.965529
0.992299
0.964581
0.961046
0.966395
0.975215
0.959504
0.990612
0.961442
0.962169
0.97278
0.96631
0.965922
0.966398
0.966619
0.973747
0.96789
0.967515
0.968816
0.96397
0.961372
0.969443
0.966552
0.972618
0.958337
0.968194
0.989354
0.977575
0.96142
0.988605
0.972417
0.963047
0.9671
0.965121
0.963999
0.972597
0.9662
0.990887
0.969484
0.976244
0.966419
0.967408
0.981146
0.960708
0.966712
0.962889
0.964478
0.978332
0.965044
0.968996
0.971454
0.959489
0.958616
0.968711
0.961639
0.963112
0.962779
0.969857
0.966947
0.967685
0.963931
0.963061
0.967754
0.968051
0.970032
0.977148
0.963636
0.966013
0.959728
0.973479
0.97
0.960468
0.971024
0.988394
0.969438
0.960568
0.96935
0.968881
0.975157
0.964068
0.975819
0.958636
0.966989
0.961507
0.968847
0.956773
0.990692
0.964632
0.967177
0.965793
0.958716
0.975033
0.969956
0.991406
0.990294
